0,544
0,543
0,542
42,4
0,541
130,35
0,540
0,539
75,6
75,1
75,3
33,1
33,3
36,1
36,3
58,4
58,1
58,3
65,1
65,3
0,538
0,484
0,535
0,474
24,2
24,1
24,3
14,5
3,2
3,1
3,3
10,233
10,275
10,173
10,27
10,209
10,267
10,293
10,1
10,143
10,2
10,3
11,19
11,21
11,15
11,16
11,20
11,1
11,6
11,2
11,3
9,7
9,1
9,5
9,2
9,3
8,8
8,10
8,14
8,13
8,15
8,1
8,7
8,2
8,3
12,2
12,1
12,3
20,2
20,1
20,3
19,2
19,1
19,3
18,1
18,3
14,6
14,3
13,1
13,3
2,2
2,1
2,3
129,4
129,3
129,2
129,1
129,0
128,8
128,7
128,6
128,5
128,4
128,3
128,2
128,1
128,0
124,5
124,4
124,3
124,2
124,1
124,0
122,5
122,4
122,3
122,2
122,1
122,0
121,4
121,3
121,2
121,1
121,0
120,3
120,2
120,1
120,0
117,4
117,3
117,2
117,1
117,0
116,5
116,4
116,3
116,2
116,1
116,0
115,3
115,2
115,1
115,0
114,5
